0,84,35,6,29,89,23,67,46,72
84,0,64,49,87,88,95,63,29,44
35,64,0,59,23,76,77,9,73,76
6,49,59,0,35,84,23,72,84,36
29,87,23,35,0,47,36,62,87,30
89,88,76,84,47,0,84,53,84,36
23,95,77,23,36,84,0,40,91,54
67,63,9,72,62,53,40,0,69,70
46,29,73,84,87,84,91,69,0,5
72,44,76,36,30,36,54,70,5,0