0,91,87,27,37,78,25,81
91,0,31,31,21,56,52,8
87,31,0,46,69,62,4,9
27,31,46,0,77,40,71,59
37,21,69,77,0,22,74,58
78,56,62,40,22,0,35,82
25,52,4,71,74,35,0,99
81,8,9,59,58,82,99,0